original data:
[[  2.24238861   3.79791079   4.6004683 ]
 [  2.05708199   4.78809948   2.634408  ]
 [  0.79468751   5.71399196   1.68079583]
 [  1.25146839   3.34303272   2.4321945 ]
 [  1.00970901   4.98435457   0.49177083]
 [  0.40957246   4.06163781   3.56965881]
 [  0.64321268   4.35115214   3.51800797]
 [  2.51129921   4.87022737   2.20453261]
 [ -0.10200792   5.6992596    3.84275157]
 [  0.40675281   4.47917386   1.59276198]
 [ -0.10953052   4.94352332   1.66940418]
 [  0.20050773   5.29949868   0.12206274]
 [  1.22480071   4.27254199   1.91579356]
 [  0.7856141    4.75242485   1.06283775]
 [  0.75033042   2.64921656   1.41554488]
 [  0.49685028   4.61515083   1.27924705]
 [  0.66890527   3.93726339   3.17497948]
 [  0.51834766   4.72918073   2.02729634]
 [  2.45225991   4.95056742   1.69093321]
 [  0.29749269   3.95015947   1.31452005]
 [  0.30124825   4.17100307   2.67506858]
 [  2.76743854   4.47478777   0.32959617]
 [  1.13692862   3.44480201   1.84884658]
 [  1.46469655   3.46545636   2.43643127]
 [ -0.0146332    5.32166738   2.39685492]
 [ -0.27461614   5.22903808   1.15048136]
 [  2.81996161   5.82929457   0.60973194]
 [  1.35343069   4.2332301    2.65942723]
 [  1.44841908   5.12370462   2.96278714]
 [  0.3904472    5.24134617   1.80065943]
 [  1.94986879   4.5110701    3.15490949]
 [  1.91616706   4.91017633   2.05702836]
 [ -0.01389006   6.17618141   1.81419393]
 [  1.02961499   5.33460328   0.77827853]
 [  1.73538343  -3.01701543   1.84766726]
 [  0.68853504  -0.92233174   1.17482403]
 [  2.42189047   0.3366713    4.20926018]
 [  2.19835993  -0.60870119   2.75908179]
 [ -0.0663997   -3.51768283   3.00761299]
 [  1.01251754  -2.1127192    3.2166543 ]
 [  1.11992356  -1.09172105   2.87213416]
 [  0.94756207  -2.46243447   3.20526991]
 [  1.25809093  -1.11875589   0.97716659]
 [  2.34249937  -1.33404315   2.49701744]
 [  2.63791712  -1.89099079   4.26183668]
 [  0.0794427   -1.44419408   1.62682381]
 [  0.23655943  -2.70709503   3.1155249 ]
 [  1.31156364  -0.32958203   4.80123612]
 [  1.61188748   0.75742934   4.48198484]
 [  1.50876737  -2.40426734   1.29679476]
 [  0.31599066  -2.06473797   1.36185858]
 [  0.84319882  -3.3381828    2.28670704]
 [ -0.03049552  -0.0361821    3.1133816 ]
 [  0.42605933   0.28545064   0.62374478]
 [  1.54887301  -2.65740046   2.14053561]
 [  2.01360211  -0.187451     1.15044861]
 [  1.32207612  -0.43759497   2.53369658]
 [  1.52986507  -2.07655991   3.439008  ]
 [  1.00601321  -1.26523554   2.00312693]
 [  1.75590145  -1.43256972   1.4319784 ]
 [ -1.0029206   -2.66448321   1.15584338]
 [  0.60904044  -0.47892179   3.1678398 ]
 [  0.94456812  -2.55914705   3.32106794]
 [  0.21360441  -0.26458183   0.91232567]
 [  0.56563326  -1.82300442   0.6995215 ]
 [  0.71416078  -1.13459596   3.15951707]
 [  1.00159957  -2.3564752    3.41064165]
 [ -1.15814298   6.83789248   8.473217  ]
 [ -1.0411802    8.35892304   8.57386039]
 [ -0.33454997   7.16267523   9.40657971]
 [ -0.82135975   7.82261062   8.9210069 ]
 [ -0.42878917   8.35744775  10.47051507]
 [ -1.63074199   8.52712193   9.62714022]
 [ -0.20067044   7.41156378   5.75848709]
 [ -2.59141251   9.26096614   9.50183722]
 [ -1.50591953   7.88583073   7.89304433]
 [ -1.50992784   7.65608032   8.58048463]
 [ -0.11042891   7.66630276   8.50934154]
 [ -1.74632888   7.4725689    9.53721552]
 [ -1.87789768   7.36320161   7.75989417]
 [ -0.1406311    8.01169877   8.33290167]
 [ -0.31866145   6.77266509   8.38684894]
 [  0.67309118   7.37567949   8.18422077]
 [ -0.26413848   6.67625369   8.83671812]
 [ -0.23901124   8.54884959   8.54519749]
 [ -0.40873932   9.07448099   7.48845132]
 [ -2.04444161   6.43491875   9.08890463]
 [ -2.63944889   7.87171976   8.45884965]
 [ -0.55088295   6.09803078   9.38911091]
 [ -0.88260433   7.76153655   8.77973764]
 [  1.85327481   8.69421417   8.11847968]
 [ -0.30642144   7.55332487   8.29760054]
 [ -1.15006908   8.74094997  10.29199665]
 [ -1.36315463   9.57849874   8.95137602]
 [ -0.41868468   7.62814202  10.39125382]
 [ -0.18400609   8.98678985   8.5007975 ]
 [ -2.54189005   8.51248683   9.69731041]
 [ -1.73393195   7.78376278   9.84031158]
 [ -0.1804222    8.10705576   9.89255698]
 [ -1.30688177   9.09203142   9.57000241]]
