reduced data:
[[ 0.14168568 -0.23366397]
 [ 0.50663508 -2.32173808]
 [ 0.12936663 -3.41236205]
 [ 1.61804365 -1.44267234]
 [ 1.44783443 -3.90582559]
 [ 0.22923225 -0.87551216]
 [ 0.0741954  -1.13441757]
 [ 0.77828735 -2.77876081]
 [-1.30587182 -1.59650718]
 [ 1.08110752 -2.64728022]
 [ 0.58131153 -2.78937236]
 [ 1.27990605 -4.24721689]
 [ 1.19344222 -2.41048554]
 [ 1.24956374 -3.28675949]
 [ 2.6802429  -1.70499979]
 [ 1.17741964 -2.9869314 ]
 [ 0.60750616 -1.14433573]
 [ 0.64559568 -2.48885994]
 [ 1.01143449 -3.21171054]
 [ 1.64231053 -2.51324949]
 [ 0.65831245 -1.60971433]
 [ 2.25140897 -4.01165179]
 [ 1.86630178 -1.93289659]
 [ 1.55696041 -1.55160011]
 [-0.13223346 -2.48349583]
 [ 0.63837227 -3.33580069]
 [ 1.0326004  -4.64714052]
 [ 0.8031084  -1.83875527]
 [-0.05868133 -2.17556407]
 [ 0.35727461 -2.95861701]
 [ 0.39431618 -1.73319203]
 [ 0.7308099  -2.8155302 ]
 [-0.45376841 -3.46010647]
 [ 1.00607027 -3.90738551]
 [ 7.03280563  1.9767052 ]
 [ 5.61034711  0.33873734]
 [ 3.11741562  1.58548986]
 [ 4.68387669  1.10047082]
 [ 6.41749767  3.48087228]
 [ 5.38127167  2.58558301]
 [ 4.80594413  1.66977763]
 [ 5.65059625  2.80501567]
 [ 5.9818208   0.21282821]
 [ 5.43355803  1.32580542]
 [ 4.86861983  2.97219812]
 [ 5.64279149  1.11197837]
 [ 5.77128745  3.00880943]
 [ 3.0916926   2.64051193]
 [ 2.48336051  1.67034383]
 [ 6.84185921  1.21308737]
 [ 6.32830105  1.25435497]
 [ 6.86623328  2.66342877]
 [ 3.63389873  1.39414938]
 [ 4.94720288 -0.78840053]
 [ 6.54377432  2.00920324]
 [ 5.28129019 -0.36090056]
 [ 4.53091667  0.9703423 ]
 [ 5.31086781  2.6455753 ]
 [ 5.44034124  1.13173612]
 [ 6.04342134  0.67133454]
 [ 6.69004285  1.69271815]
 [ 4.06013405  1.6022597 ]
 [ 5.65673578  2.95419543]
 [ 5.16864233 -0.19000496]
 [ 6.57781636  0.55501624]
 [ 4.5970401   1.98515606]
 [ 5.45454469  2.88724424]
 [-5.14504461  1.41954948]
 [-6.37591394  0.53236841]
 [-5.81207013  1.79257446]
 [-6.12448285  1.09376091]
 [-7.39906965  1.88102673]
 [-7.23923698  1.33404081]
 [-3.80716067 -1.17670743]
 [-7.90742628  0.94542938]
 [-5.68057214  0.38385441]
 [-5.9114468   1.05330975]
 [-5.6320046   0.75517954]
 [-6.3798764   1.9395669 ]
 [-5.2569233   0.66951899]
 [-5.80255157  0.41081563]
 [-4.89546587  1.25158266]
 [-5.07325118  0.55391792]
 [-5.0787956   1.64650102]
 [-6.36713545  0.2564744 ]
 [-6.17809318 -0.84986984]
 [-5.35189998  2.29126306]
 [-6.20551564  1.01788157]
 [-5.0056693   2.47690488]
 [-6.00309076  1.03394687]
 [-5.8601241  -0.51518617]
 [-5.45150767  0.69650748]
 [-7.71920681  1.6286093 ]
 [-7.61269925  0.11869371]
 [-6.77880689  2.27146008]
 [-6.6740214  -0.05874198]
 [-7.42914872  1.55134904]
 [-6.80226299  1.97622446]
 [-6.81467407  1.55203275]
 [-7.5909011   0.8846495 ]]
